8.532873317240492472e-01 5.832076253130925592e-01
9.080789022842893354e-01 8.296121144766333000e-02
2.576410693990823786e-01 9.355397824475477631e-01
9.188593488422082123e-01 1.404241875411655904e-01
6.281713475345150899e-01 5.718407664633178289e-01
3.162543320915249812e-01 2.068886285787198132e-01
3.695316441947282815e-01 6.670233987347492510e-01
8.370020950968278806e-01 9.667131806033585351e-01
7.746905080088657414e-01 5.386528373858826546e-01
8.179709442895238825e-01 8.557540437535888778e-01
7.991892503341097020e-01 4.021611175589631104e-01
2.198737424050872802e-01 4.100910867878582167e-01
5.235089490794403444e-01 1.707536010850527752e-01
9.280619811649527540e-01 5.106876879458135399e-01
6.606844143521564128e-01 4.974033501081365216e-01
3.616865862299202261e-01 4.534469578868718376e-01
6.061830413603641610e-02 3.825105678858852221e-01
4.235717703324530792e-01 6.913414909470949610e-02
4.440497324098191534e-02 1.513015819077311308e-01
5.764347491959791459e-01 2.338860121415597959e-03
4.859678721750770869e-01 4.634972900480538449e-01
9.646734217069403705e-01 8.955485413579356013e-02
8.027893080762492639e-01 5.435911911310398192e-02
6.663375837611268393e-01 4.970278404867517485e-01
7.378469180643643099e-02 3.982508526673707028e-01
4.075485437259940280e-01 7.064078741888699664e-01
9.675235310093084351e-01 1.423635724042865425e-01
5.665307112013034940e-01 2.006133678178507740e-01
4.423379353263829916e-01 6.611570205837109526e-01
5.081024637993879489e-01 7.878189596487948920e-01
2.402634345279557326e-01 9.611801124558714271e-01
7.672572395668318945e-01 6.760698752811655776e-02
5.418762088403393795e-01 9.406249841590685890e-01
2.027832270077033483e-01 4.936201989463450124e-01
9.814940447741136165e-01 6.997350305528546865e-01
7.663527450205439573e-01 1.466695378510619596e-01
6.434710982634270771e-01 3.614692157875232237e-02
9.035987000127043700e-02 1.828693344770264684e-01
9.867073023478689642e-02 9.910202498674802740e-02
1.387449003948837412e-02 2.821389001571759092e-01
8.372928846025093907e-01 6.584409158856041611e-01
1.037245409331433166e-02 4.267101718033382562e-01
3.172281395435015972e-01 4.191702422232893577e-01
5.530057034758655288e-01 5.116796964364711542e-02
9.061148275360452198e-01 6.644647128447570550e-01
3.012584394315317438e-01 3.685237304403643499e-01
8.689928775171517072e-01 2.753452986646370837e-01
9.007629245637035487e-01 8.018916315029965824e-01
5.392497031840404187e-02 1.853693360043479066e-01
6.331832980802030164e-01 2.436480686067022949e-01
